26 1
9 3 3 16
11 1 14
7 2 12
6 1 8
7 2 10
5 1 7
4 5
3 2 5
2 1 1 4
3 1 6
2 1 3
1 1 5
4 1 4
3 1 2
3 1 1
4 1 1 3 2 2 2 1
4 3 1 2 1 2 3
1 1 1 5 1 2 1 1 1 3
1 2 2 1 1 1 5 2
1 2 1 1 4 2 2
4 1 3 1 1 4 2 1
4 2 2 1 1 2 1 1 1 1
4 1 2 1 1 1 1 3
1 1 1 2 1 2 2 6
1 2 1 3 2 2 7
2 1 2 3 1 3 7
6 4 9 11
11 11
12 12
11 2 2 11
11 3 2 12
12 7 13
14 3 1 11
15 13
13 5 11

20 15
12 5 3 10
9 1 5 5 1 9
8 1 1 4 5 9
7 10
6 1 2 1 9
4 1 3 2 8
3 1 1 1 9
3 3 1 9
1 1 17
1 1 1 15
1 1 1 2 1 4
2 1 1 3
2 1 1 2 2 2
2 1 1 1 1 1
1 1 1 2 2
2 1 2 1
2 1 5 2 2 1
2 1 1 2 1
1 1 1 2 1
3 1 1 3 1 2 1 1
2 1 1 1 2 1
3 1 4 1 2
3 1 3 1 3
4 1 1 1 2 1
4 2 3 14
3 1 1 3 12
3 1 2 10
6 1 3 9
6 1 7 11
6 1 1 12
8 1 1 1 18
10 2 2 3 12
13 2 14
14 5 13
20 14
